world: a6c81404-e333-4e51-a90b-58885e2b839c
world-name: world
x: 14.212013567179058
y: 70.0
z: 10.34985100205609
yaw: -44.849609375
pitch: 21.90041732788086
name: aidojes
lastowner: 87fe3866-83c8-3819-b6af-7d51f36dff93
