world: a6c81404-e333-4e51-a90b-58885e2b839c
world-name: world
x: 10.3772739641879
y: 70.0
z: 14.529315047893284
yaw: 58.950439453125
pitch: 20.550413131713867
name: dsoifje
lastowner: 87fe3866-83c8-3819-b6af-7d51f36dff93
